KNeighborsClassifier: K = 3
--------------------------------------------------------------------------------

    Accuracy    : 0.7792397660818714
    Sensitivity : 0.503896103896104
    Specificity : 0.8870573870573871

    Confusion Matrices:

        [[[18.  9.]
          [ 7.  4.]]
        
         [[24.  3.]
          [ 7.  4.]]
        
         [[25.  1.]
          [ 4.  6.]]
        
         [[23.  3.]
          [ 6.  4.]]
        
         [[25.  1.]
          [ 4.  6.]]
        
         [[24.  2.]
          [ 5.  5.]]
        
         [[24.  2.]
          [ 3.  7.]]]

================================================================================

KNeighborsClassifier: K = 4
--------------------------------------------------------------------------------

    Accuracy    : 0.8009607351712614
    Sensitivity : 0.34805194805194806
    Specificity : 0.9782254782254782

    Confusion Matrices:

        [[[26.  1.]
          [ 8.  3.]]
        
         [[27.  0.]
          [ 7.  4.]]
        
         [[26.  0.]
          [ 8.  2.]]
        
         [[24.  2.]
          [ 6.  4.]]
        
         [[26.  0.]
          [ 8.  2.]]
        
         [[25.  1.]
          [ 5.  5.]]
        
         [[26.  0.]
          [ 5.  5.]]]

================================================================================

KNeighborsClassifier: K = 5
--------------------------------------------------------------------------------

    Accuracy    : 0.7775689223057645
    Sensitivity : 0.36363636363636365
    Specificity : 0.9399674399674401

    Confusion Matrices:

        [[[25.  2.]
          [ 8.  3.]]
        
         [[27.  0.]
          [ 8.  3.]]
        
         [[26.  0.]
          [ 6.  4.]]
        
         [[25.  1.]
          [ 8.  2.]]
        
         [[21.  5.]
          [ 4.  6.]]
        
         [[23.  3.]
          [ 7.  3.]]
        
         [[26.  0.]
          [ 5.  5.]]]

================================================================================

KNeighborsClassifier: K = 6
--------------------------------------------------------------------------------

    Accuracy    : 0.7930242272347535
    Sensitivity : 0.335064935064935
    Specificity : 0.9725274725274726

    Confusion Matrices:

        [[[27.  0.]
          [ 8.  3.]]
        
         [[27.  0.]
          [ 8.  3.]]
        
         [[25.  1.]
          [ 6.  4.]]
        
         [[26.  0.]
          [ 7.  3.]]
        
         [[26.  0.]
          [ 8.  2.]]
        
         [[25.  1.]
          [ 7.  3.]]
        
         [[23.  3.]
          [ 4.  6.]]]

================================================================================

KNeighborsClassifier: K = 7
--------------------------------------------------------------------------------

    Accuracy    : 0.7842522974101922
    Sensitivity : 0.38571428571428573
    Specificity : 0.9397639397639397

    Confusion Matrices:

        [[[27.  0.]
          [ 6.  5.]]
        
         [[26.  1.]
          [ 5.  6.]]
        
         [[24.  2.]
          [ 4.  6.]]
        
         [[25.  1.]
          [ 8.  2.]]
        
         [[26.  0.]
          [ 7.  3.]]
        
         [[23.  3.]
          [ 8.  2.]]
        
         [[22.  4.]
          [ 6.  4.]]]

================================================================================

KNeighborsClassifier: K = 8
--------------------------------------------------------------------------------

    Accuracy    : 0.7731829573934837
    Sensitivity : 0.26233766233766237
    Specificity : 0.9727309727309728

    Confusion Matrices:

        [[[26.  1.]
          [10.  1.]]
        
         [[27.  0.]
          [ 5.  6.]]
        
         [[26.  0.]
          [ 8.  2.]]
        
         [[25.  1.]
          [ 9.  1.]]
        
         [[26.  0.]
          [ 5.  5.]]
        
         [[25.  1.]
          [ 9.  1.]]
        
         [[24.  2.]
          [ 7.  3.]]]

================================================================================

KNeighborsClassifier: K = 9
--------------------------------------------------------------------------------

    Accuracy    : 0.7723475355054302
    Sensitivity : 0.3545454545454545
    Specificity : 0.9346764346764347

    Confusion Matrices:

        [[[24.  3.]
          [ 5.  6.]]
        
         [[27.  0.]
          [ 4.  7.]]
        
         [[22.  4.]
          [ 7.  3.]]
        
         [[26.  0.]
          [ 9.  1.]]
        
         [[25.  1.]
          [ 8.  2.]]
        
         [[25.  1.]
          [ 6.  4.]]
        
         [[23.  3.]
          [ 7.  3.]]]

================================================================================

KNeighborsClassifier: K = 10
--------------------------------------------------------------------------------

    Accuracy    : 0.7848788638262322
    Sensitivity : 0.33116883116883117
    Specificity : 0.961945461945462

    Confusion Matrices:

        [[[25.  2.]
          [ 4.  7.]]
        
         [[27.  0.]
          [ 9.  2.]]
        
         [[26.  0.]
          [ 8.  2.]]
        
         [[26.  0.]
          [ 7.  3.]]
        
         [[26.  0.]
          [ 7.  3.]]
        
         [[23.  3.]
          [ 7.  3.]]
        
         [[24.  2.]
          [ 6.  4.]]]

================================================================================

